123456789
 123456789
  123456789
   123456789
    123456789
     123456789
      123456789
       123456789
        123456789
         123456789
          123456789
123456789
 123456789
  123456789
   123456789
    123456789
     123456789
      123456789
       123456789
        123456789
         123456789
          123456789
123456789
 123456789
  123456789
   123456789
    123456789
     123456789
      123456789
       123456789
        123456789
         123456789
          123456789
99999
 99999
  99999
   99999
    99999
     99999                  
123456789
 123456789
  123456789
   123456789
    123456789
     123456789
      123456789
       123456789
        123456789
         123456789
          123456789
123456789
 123456789
  123456789
   123456789
    123456789
     123456789
      123456789
       123456789
        123456789
         123456789
          123456789
123456789
 123456789
  123456789
   123456789
    123456789
     123456789
      123456789
       123456789
        123456789
         123456789
          123456789
99999
 99999
  99999
   99999
    99999
     99999                  
123456789
 123456789
  123456789
   123456789
    123456789
     123456789
      123456789
       123456789
        123456789
         123456789
          123456789
123456789
 123456789
  123456789
   123456789
    123456789
     123456789
      123456789
       123456789
        123456789
         123456789
          123456789
123456789
 123456789
  123456789
   123456789
    123456789
     123456789
      123456789
       123456789
        123456789
         123456789
          123456789
99999
 99999
  99999
   99999
    99999
     99999                  